Circle = 21, length = 131.94689145077132, area = 1385.4423602330987
Trapeze = (23, 4, 24, 20), perimeter = 71, area = 32589.39814865267
Circle = 25, length = 157.07963267948966, area = 1963.4954084936207
