Circle = 21, length = 131.94689145077132, area = 1385.4423602330987
Circle = 25, length = 157.07963267948966, area = 1963.4954084936207
Circle = 25, length = 157.07963267948966, area = 1963.4954084936207
