Ball = 25, volume = 65449.84694978735
Ball = 25, volume = 65449.84694978735
Ball = 25, volume = 65449.84694978735
